    6.6667    6.6667    0.0496
    9.3333    6.6667    0.0331
   12.0000    6.6667    0.0032
   14.6667    6.6667    0.0177
   17.3333    6.6667    0.1772
   20.0000    6.6667    0.6519
   22.6667    6.6667    1.6022
   25.3333    6.6667    2.7687
   28.0000    6.6667    3.8708
   30.6667    6.6667    4.7890
   33.3333    6.6667    5.4842

    6.6667    9.3333    0.0346
    9.3333    9.3333    0.0165
   12.0000    9.3333    0.0113
   14.6667    9.3333    0.0075
   17.3333    9.3333    0.1639
   20.0000    9.3333    0.6179
   22.6667    9.3333    1.4980
   25.3333    9.3333    2.5235
   28.0000    9.3333    3.4352
   30.6667    9.3333    4.1201
   33.3333    9.3333    4.5900

    6.6667   12.0000    0.0125
    9.3333   12.0000    0.0032
   12.0000   12.0000    0.0294
   14.6667   12.0000    0.0165
   17.3333   12.0000    0.1068
   20.0000   12.0000    0.4858
   22.6667   12.0000    1.2323
   25.3333   12.0000    2.0646
   28.0000   12.0000    2.7590
   30.6667   12.0000    3.2285
   33.3333   12.0000    3.5171

    6.6667   14.6667    0.0703
    9.3333   14.6667    0.0578
   12.0000   14.6667    0.0245
   14.6667   14.6667    0.0117
   17.3333   14.6667    0.0599
   20.0000   14.6667    0.2964
   22.6667   14.6667    0.8509
   25.3333   14.6667    1.4490
   28.0000   14.6667    1.9204
   30.6667   14.6667    2.2244
   33.3333   14.6667    2.3899

    6.6667   17.3333    0.3383
    9.3333   17.3333    0.3157
   12.0000   17.3333    0.2440
   14.6667   17.3333    0.1538
   17.3333   17.3333    0.0683
   20.0000   17.3333    0.1151
   22.6667   17.3333    0.4551
   25.3333   17.3333    0.8360
   28.0000   17.3333    1.1265
   30.6667   17.3333    1.3064
   33.3333   17.3333    1.3931

    6.6667   20.0000    0.8839
    9.3333   20.0000    0.8255
   12.0000   20.0000    0.6710
   14.6667   20.0000    0.4382
   17.3333   20.0000    0.1646
   20.0000   20.0000    0.0132
   22.6667   20.0000    0.1128
   25.3333   20.0000    0.3308
   28.0000   20.0000    0.4985
   30.6667   20.0000    0.6016
   33.3333   20.0000    0.6448

    6.6667   22.6667    1.7442
    9.3333   22.6667    1.6034
   12.0000   22.6667    1.3156
   14.6667   22.6667    0.9004
   17.3333   22.6667    0.4210
   20.0000   22.6667    0.0324
   22.6667   22.6667    0.0177
   25.3333   22.6667    0.0778
   28.0000   22.6667    0.1659
   30.6667   22.6667    0.2244
   33.3333   22.6667    0.2449

    6.6667   25.3333    2.7402
    9.3333   25.3333    2.4585
   12.0000   25.3333    1.9918
   14.6667   25.3333    1.3683
   17.3333   25.3333    0.6882
   20.0000   25.3333    0.1375
   22.6667   25.3333    0.0373
   25.3333   25.3333    0.0199
   28.0000   25.3333    0.0230
   30.6667   25.3333    0.0573
   33.3333   25.3333    0.0679

    6.6667   28.0000    3.7074
    9.3333   28.0000    3.2520
   12.0000   28.0000    2.5915
   14.6667   28.0000    1.7700
   17.3333   28.0000    0.9214
   20.0000   28.0000    0.2469
   22.6667   28.0000    0.0115
   25.3333   28.0000    0.0416
   28.0000   28.0000    0.0234
   30.6667   28.0000    0.0003
   33.3333   28.0000    0.0070

    6.6667   30.6667    4.5413
    9.3333   30.6667    3.8916
   12.0000   30.6667    3.0434
   14.6667   30.6667    2.0626
   17.3333   30.6667    1.0888
   20.0000   30.6667    0.3332
   22.6667   30.6667    0.0253
   25.3333   30.6667    0.0318
   28.0000   30.6667    0.0254
   30.6667   30.6667    0.0071
   33.3333   30.6667    0.0013

    6.6667   33.3333    5.2043
    9.3333   33.3333    4.3683
   12.0000   33.3333    3.3575
   14.6667   33.3333    2.2513
   17.3333   33.3333    1.1900
   20.0000   33.3333    0.3827
   22.6667   33.3333    0.0464
   25.3333   33.3333    0.0236
   28.0000   33.3333    0.0222
   30.6667   33.3333    0.0052
   33.3333   33.3333    0.0005
