6.66666666666667	6.66666666666667	0.00899894708559938
7.33333333333333	6.66666666666667	0.0103330600578613
8	6.66666666666667	0.0111913187623134
8.66666666666667	6.66666666666667	0.0120493594593705
9.33333333333333	6.66666666666667	0.0132446802994175
10	6.66666666666667	0.0149507110074769
10.6666666666667	6.66666666666667	0.0171722814421939
11.3333333333333	6.66666666666667	0.0197743441160550
12	6.66666666666667	0.0225449216792723
12.6666666666667	6.66666666666667	0.0252743714360442
13.3333333333333	6.66666666666667	0.0278179971023167
14	6.66666666666667	0.0301148533207997
14.6666666666667	6.66666666666667	0.0321674222320753
15.3333333333333	6.66666666666667	0.0340134859573335
16	6.66666666666667	0.0357156944906468
16.6666666666667	6.66666666666667	0.0373677273085811
17.3333333333333	6.66666666666667	0.0390916205007212
18	6.66666666666667	0.0409982801369282
18.6666666666667	6.66666666666667	0.0431132239971082
19.3333333333333	6.66666666666667	0.0453124548474664
20.0000000000000	6.66666666666667	0.0473320860719404
20.6666666666667	6.66666666666667	0.0488786647335912
21.3333333333333	6.66666666666667	0.0497679408296641
22.0000000000000	6.66666666666667	0.0499507530854972
22.6666666666667	6.66666666666667	0.0493792398549822
23.3333333333333	6.66666666666667	0.0478429201542564
24	6.66666666666667	0.0449502405522744
24.6666666666667	6.66666666666667	0.0403172641412114
25.3333333333333	6.66666666666667	0.0338471640814079
26	6.66666666666667	0.0258742194200105
26.6666666666667	6.66666666666667	0.0170508766873197
27.3333333333333	6.66666666666667	0.00807686489308789
28	6.66666666666667	0.000571062244234824
28.6666666666667	6.66666666666667	0.00883445691320109
29.3333333333333	6.66666666666667	0.0171134819566303
30	6.66666666666667	0.0260008952009124
30.6666666666667	6.66666666666667	0.0357172119355400
31.3333333333333	6.66666666666667	0.0456085739378583
32	6.66666666666667	0.0541521263541100
32.6666666666667	6.66666666666667	0.0595869561461779
33.3333333333333	6.66666666666667	0.0608335028575575

6.66666666666667	7.33333333333333	0.00390451512534522
7.33333333333333	7.33333333333333	0.00508264273637235
8	7.33333333333333	0.00609712880518334
8.66666666666667	7.33333333333333	0.00733815399565173
9.33333333333333	7.33333333333333	0.00903476500281867
10	7.33333333333333	0.0112524594008740
10.6666666666667	7.33333333333333	0.0139151817630040
11.3333333333333	7.33333333333333	0.0168476680814538
12	7.33333333333333	0.0198336600101319
12.6666666666667	7.33333333333333	0.0226805133936982
13.3333333333333	7.33333333333333	0.0252689523778179
14	7.33333333333333	0.0275662869915852
14.6666666666667	7.33333333333333	0.0296062296154006
15.3333333333333	7.33333333333333	0.0314620325146895
16	7.33333333333333	0.0332347287346841
16.6666666666667	7.33333333333333	0.0350540095423787
17.3333333333333	7.33333333333333	0.0370650322894257
18	7.33333333333333	0.0393714775654529
18.6666666666667	7.33333333333333	0.0419403341162534
19.3333333333333	7.33333333333333	0.0445271983485528
20.0000000000000	7.33333333333333	0.0467072025720762
20.6666666666667	7.33333333333333	0.0480499883820325
21.3333333333333	7.33333333333333	0.0483362374018184
22.0000000000000	7.33333333333333	0.0476080899394378
22.6666666666667	7.33333333333333	0.0459831124026085
23.3333333333333	7.33333333333333	0.0434103763810075
24	7.33333333333333	0.0395938352663491
24.6666666666667	7.33333333333333	0.0341614766357636
25.3333333333333	7.33333333333333	0.0269609226966784
26	7.33333333333333	0.0182321243881524
26.6666666666667	7.33333333333333	0.00852591236783923
27.3333333333333	7.33333333333333	0.00150918459657359
28	7.33333333333333	0.0113221319673397
28.6666666666667	7.33333333333333	0.0206310263682197
29.3333333333333	7.33333333333333	0.0295349346260325
30	7.33333333333333	0.0383557810789353
30.6666666666667	7.33333333333333	0.0471446618108558
31.3333333333333	7.33333333333333	0.0552265349280376
32	7.33333333333333	0.0612338962997807
32.6666666666667	7.33333333333333	0.0637167524991196
33.3333333333333	7.33333333333333	0.0619995459869342

6.66666666666667	8	0.00168442536212978
7.33333333333333	8	0.000349977938649582
8	8	0.00105297156692211
8.66666666666667	8	0.00280644761755570
9.33333333333333	8	0.00503306381361813
10	8	0.00771542602354364
10.6666666666667	8	0.0107310585655672
11.3333333333333	8	0.0138942416577335
12	8	0.0170045426316916
12.6666666666667	8	0.0198999841067373
13.3333333333333	8	0.0224977118457501
14	8	0.0248002716993284
14.6666666666667	8	0.0268706398012914
15.3333333333333	8	0.0288041052407460
16	8	0.0307178443127398
16.6666666666667	8	0.0327514205855873
17.3333333333333	8	0.0350462349470628
18	8	0.0376732936064352
18.6666666666667	8	0.0405242401872242
19.3333333333333	8	0.0432403184850391
20.0000000000000	8	0.0452735764943790
20.6666666666667	8	0.0461141026883604
21.3333333333333	8	0.0455568490299912
22.0000000000000	8	0.0437614636917727
22.6666666666667	8	0.0410233672558460
23.3333333333333	8	0.0374654771303936
24	8	0.0329032794897545
24.6666666666667	8	0.0269753332488504
25.3333333333333	8	0.0194332506694536
26	8	0.0103426642279485
26.6666666666667	8	6.40072081249388e-05
27.3333333333333	8	0.0108541358159100
28	8	0.0217501145655317
28.6666666666667	8	0.0319819177963280
29.3333333333333	8	0.0411624057090201
30	8	0.0492376507600330
30.6666666666667	8	0.0561847481684312
31.3333333333333	8	0.0615952953659106
32	8	0.0645940915719361
32.6666666666667	8	0.0642543794008441
33.3333333333333	8	0.0602817800591267

6.66666666666667	8.66666666666667	0.00729935185445730
7.33333333333333	8.66666666666667	0.00558099583604547
8	8.66666666666667	0.00366532280773732
8.66666666666667	8.66666666666667	0.00137797289870397
9.33333333333333	8.66666666666667	0.00132019943377310
10	8.66666666666667	0.00436341779319838
10.6666666666667	8.66666666666667	0.00761519318848437
11.3333333333333	8.66666666666667	0.0109032205083041
12	8.66666666666667	0.0140596013760306
12.6666666666667	8.66666666666667	0.0169652374180727
13.3333333333333	8.66666666666667	0.0195805840308627
14	8.66666666666667	0.0219420839806673
14.6666666666667	8.66666666666667	0.0241304999621352
15.3333333333333	8.66666666666667	0.0262414609186136
16	8.66666666666667	0.0283779535393053
16.6666666666667	8.66666666666667	0.0306532686539826
17.3333333333333	8.66666666666667	0.0331680629515622
18	8.66666666666667	0.0359335817476620
18.6666666666667	8.66666666666667	0.0387659650983463
19.3333333333333	8.66666666666667	0.0412325661066982
20.0000000000000	8.66666666666667	0.0427379010631015
20.6666666666667	8.66666666666667	0.0427697714508858
21.3333333333333	8.66666666666667	0.0411734599992495
22.0000000000000	8.66666666666667	0.0382119495235356
22.6666666666667	8.66666666666667	0.0343301918930251
23.3333333333333	8.66666666666667	0.0298209649990387
24	8.66666666666667	0.0246366869689503
24.6666666666667	8.66666666666667	0.0184502861480044
25.3333333333333	8.66666666666667	0.0108972482883714
26	8.66666666666667	0.00180309496747673
26.6666666666667	8.66666666666667	0.00871394008383869
27.3333333333333	8.66666666666667	0.0201801257397038
28	8.66666666666667	0.0317232554749280
28.6666666666667	8.66666666666667	0.0422364389936523
29.3333333333333	8.66666666666667	0.0508188172865401
30	8.66666666666667	0.0571350137935770
30.6666666666667	8.66666666666667	0.0612960013371902
31.3333333333333	8.66666666666667	0.0634148967846224
32	8.66666666666667	0.0633114787829967
32.6666666666667	8.66666666666667	0.0606391200624015
33.3333333333333	8.66666666666667	0.0553331587112460

6.66666666666667	9.33333333333333	0.0126017416934432
7.33333333333333	9.33333333333333	0.0103803524772010
8	9.33333333333333	0.00793441408172687
8.66666666666667	9.33333333333333	0.00517586775185767
9.33333333333333	9.33333333333333	0.00211628361133193
10	9.33333333333333	0.00116224541440873
10.6666666666667	9.33333333333333	0.00453384440900575
11.3333333333333	9.33333333333333	0.00785684707589790
12	9.33333333333333	0.0110084192973383
12.6666666666667	9.33333333333333	0.0139209321489923
13.3333333333333	9.33333333333333	0.0166008495442531
14	9.33333333333333	0.0191131195647196
14.6666666666667	9.33333333333333	0.0215408044168313
15.3333333333333	9.33333333333333	0.0239516287752439
16	9.33333333333333	0.0263931807738787
16.6666666666667	9.33333333333333	0.0289058976259659
17.3333333333333	9.33333333333333	0.0315142820978771
18	9.33333333333333	0.0341644448429950
18.6666666666667	9.33333333333333	0.0366308151221867
19.3333333333333	9.33333333333333	0.0384717117444112
20.0000000000000	9.33333333333333	0.0391180882031053
20.6666666666667	9.33333333333333	0.0381093447701287
21.3333333333333	9.33333333333333	0.0353497715665747
22.0000000000000	9.33333333333333	0.0311712433996904
22.6666666666667	9.33333333333333	0.0261242204976107
23.3333333333333	9.33333333333333	0.0206521617060715
24	9.33333333333333	0.0148586453110474
24.6666666666667	9.33333333333333	0.00847639605677275
25.3333333333333	9.33333333333333	0.00102975655930095
26	9.33333333333333	0.00790283969080952
26.6666666666667	9.33333333333333	0.0184055880399917
27.3333333333333	9.33333333333333	0.0299643901101485
28	9.33333333333333	0.0413817923414329
28.6666666666667	9.33333333333333	0.0511009947064245
29.3333333333333	9.33333333333333	0.0578934353633672
30	9.33333333333333	0.0614075747726407
30.6666666666667	9.33333333333333	0.0621108447738884
31.3333333333333	9.33333333333333	0.0607491092437875
32	9.33333333333333	0.0578209499225080
32.6666666666667	9.33333333333333	0.0534294666515511
33.3333333333333	9.33333333333333	0.0475308825662923

6.66666666666667	10	0.0174093093399752
7.33333333333333	10	0.0146742530717127
8	10	0.0117640397973726
8.66666666666667	10	0.00864619769180449
9.33333333333333	10	0.00535275966396674
10	10	0.00195803719562702
10.6666666666667	10	0.00143974380003153
11.3333333333333	10	0.00474039931073762
12	10	0.00787162908738880
12.6666666666667	10	0.0108186363957924
13.3333333333333	10	0.0136327525494232
14	10	0.0164024849531712
14.6666666666667	10	0.0191978527185139
15.3333333333333	10	0.0220250180336297
16	10	0.0248254600818170
16.6666666666667	10	0.0275186434840167
17.3333333333333	10	0.0300379276785698
18	10	0.0322980405696617
18.6666666666667	10	0.0340987325889469
19.3333333333333	10	0.0350564189090160
20.0000000000000	10	0.0346691139581771
20.6666666666667	10	0.0325338961322385
21.3333333333333	10	0.0285925756324878
22.0000000000000	10	0.0232074106108806
22.6666666666667	10	0.0169891617161225
23.3333333333333	10	0.0104960809603997
24	10	0.00397365774012199
24.6666666666667	10	0.00276325586219865
25.3333333333333	10	0.0102501454449321
26	10	0.0190647375431010
26.6666666666667	10	0.0293546604762588
27.3333333333333	10	0.0404296649788867
28	10	0.0507491727679341
28.6666666666667	10	0.0584819768716968
29.3333333333333	10	0.0623843187435189
30	10	0.0623841251756726
30.6666666666667	10	0.0594434424777395
31.3333333333333	10	0.0548722472742260
32	10	0.0496267526384944
32.6666666666667	10	0.0440085511928126
33.3333333333333	10	0.0378412024210535

6.66666666666667	10.6666666666667	0.0217028256244296
7.33333333333333	10.6666666666667	0.0185246710066724
8	10.6666666666667	0.0152631836588896
8.66666666666667	10.6666666666667	0.0119129792865877
9.33333333333333	10.6666666666667	0.00850411097132057
10	10.6666666666667	0.00508654489117354
10.6666666666667	10.6666666666667	0.00172009442326737
11.3333333333333	10.6666666666667	0.00154016703168177
12	10.6666666666667	0.00466883051005965
12.6666666666667	10.6666666666667	0.00769701650347522
13.3333333333333	10.6666666666667	0.0107156570496456
14	10.6666666666667	0.0138311395929160
14.6666666666667	10.6666666666667	0.0170843022658732
15.3333333333333	10.6666666666667	0.0203850005801689
16	10.6666666666667	0.0235225473645890
16.6666666666667	10.6666666666667	0.0262660634992256
17.3333333333333	10.6666666666667	0.0284752444765191
18	10.6666666666667	0.0300977454427497
18.6666666666667	10.6666666666667	0.0310358415092266
19.3333333333333	10.6666666666667	0.0310156490611613
20.0000000000000	10.6666666666667	0.0296093032156778
20.6666666666667	10.6666666666667	0.0264415009650294
21.3333333333333	10.6666666666667	0.0214475874075510
22.0000000000000	10.6666666666667	0.0149732411613010
22.6666666666667	10.6666666666667	0.00763359426213592
23.3333333333333	10.6666666666667	4.55522696989757e-05
24	10.6666666666667	0.00742466755029633
24.6666666666667	10.6666666666667	0.0148301556562820
25.3333333333333	10.6666666666667	0.0226342567300947
26	10.6666666666667	0.0313852735212468
26.6666666666667	10.6666666666667	0.0411355136696756
27.3333333333333	10.6666666666667	0.0509964916570295
28	10.6666666666667	0.0592491009734619
28.6666666666667	10.6666666666667	0.0640721909741353
29.3333333333333	10.6666666666667	0.0644881348945110
30	10.6666666666667	0.0608720930781010
30.6666666666667	10.6666666666667	0.0546523653171696
31.3333333333333	10.6666666666667	0.0474743203830292
32	10.6666666666667	0.0404416641909726
32.6666666666667	10.6666666666667	0.0338410095407147
33.3333333333333	10.6666666666667	0.0273545200729255

6.66666666666667	11.3333333333333	0.0256009550349554
7.33333333333333	11.3333333333333	0.0220898848135002
8	11.3333333333333	0.0186007080822128
8.66666666666667	11.3333333333333	0.0151328025319062
9.33333333333333	11.3333333333333	0.0116983584852987
10	11.3333333333333	0.00831247125891400
10.6666666666667	11.3333333333333	0.00499269271001609
11.3333333333333	11.3333333333333	0.00175351594601016
12	11.3333333333333	0.00141493914309329
12.6666666666667	11.3333333333333	0.00457581549966158
13.3333333333333	11.3333333333333	0.00784705674309850
14	11.3333333333333	0.0113391986801451
14.6666666666667	11.3333333333333	0.0150441574922678
15.3333333333333	11.3333333333333	0.0187518386443126
16	11.3333333333333	0.0220845083251331
16.6666666666667	11.3333333333333	0.0246715612487215
17.3333333333333	11.3333333333333	0.0263421554188682
18	11.3333333333333	0.0271391102682055
18.6666666666667	11.3333333333333	0.0271235324460894
19.3333333333333	11.3333333333333	0.0261624360401098
20.0000000000000	11.3333333333333	0.0238994317287462
20.6666666666667	11.3333333333333	0.0199528902067029
21.3333333333333	11.3333333333333	0.0141985317836402
22.0000000000000	11.3333333333333	0.00689951501280813
22.6666666666667	11.3333333333333	0.00140287613750790
23.3333333333333	11.3333333333333	0.0101014462946344
24	11.3333333333333	0.0187145752337670
24.6666666666667	11.3333333333333	0.0270556651941484
25.3333333333333	11.3333333333333	0.0353066976851186
26	11.3333333333333	0.0437795423987865
26.6666666666667	11.3333333333333	0.0523756684247259
27.3333333333333	11.3333333333333	0.0601798134059164
28	11.3333333333333	0.0656096546866936
28.6666666666667	11.3333333333333	0.0671402641960701
29.3333333333333	11.3333333333333	0.0641959477084861
30	11.3333333333333	0.0575495664827663
30.6666666666667	11.3333333333333	0.0488742021667963
31.3333333333333	11.3333333333333	0.0398421183905140
32	11.3333333333333	0.0314624279786160
32.6666666666667	11.3333333333333	0.0239470006148625
33.3333333333333	11.3333333333333	0.0169535308959956

6.66666666666667	12	0.0293017463887349
7.33333333333333	12	0.0255708524371193
8	12	0.0219613940319264
8.66666666666667	12	0.0184590428275481
9.33333333333333	12	0.0150461980355496
10	12	0.0116988764765164
10.6666666666667	12	0.00839692315238753
11.3333333333333	12	0.00512640294215227
12	12	0.00185912763196244
12.6666666666667	12	0.00147964627567945
13.3333333333333	12	0.00501027551630737
14	12	0.00882022881632993
14.6666666666667	12	0.0128326644566787
15.3333333333333	12	0.0167218341720479
16	12	0.0199798187063867
16.6666666666667	12	0.0221517819048502
17.3333333333333	12	0.0230840028552222
18	12	0.0229410269633285
18.6666666666667	12	0.0219566155125941
19.3333333333333	12	0.0201522622022674
20.0000000000000	12	0.0172538406412417
20.6666666666667	12	0.0128633378342539
21.3333333333333	12	0.00674923621403784
22.0000000000000	12	0.000989812101525406
22.6666666666667	12	0.00997400885169963
23.3333333333333	12	0.0196531189687687
24	12	0.0293898386493924
24.6666666666667	12	0.0386116255950524
25.3333333333333	12	0.0470234998694232
26	12	0.0545945670644741
26.6666666666667	12	0.0611801317053310
27.3333333333333	12	0.0661352966444195
28	12	0.0683502119553332
28.6666666666667	12	0.0667961737386895
29.3333333333333	12	0.0612655180915742
30	12	0.0526773423089617
30.6666666666667	12	0.0426065235246582
31.3333333333333	12	0.0324885519640441
32	12	0.0231532668550476
32.6666666666667	12	0.0148079941722976
33.3333333333333	12	0.00722759409992779

6.66666666666667	12.6666666666667	0.0330083844894439
7.33333333333333	12.6666666666667	0.0291528054819221
8	12.6666666666667	0.0254995499069423
8.66666666666667	12.6666666666667	0.0220039997542005
9.33333333333333	12.6666666666667	0.0186101783631702
10	12.6666666666667	0.0152571817307853
10.6666666666667	12.6666666666667	0.0118991170244657
11.3333333333333	12.6666666666667	0.00851224959800468
12	12.6666666666667	0.00507341571610049
12.6666666666667	12.6666666666667	0.00152575782066997
13.3333333333333	12.6666666666667	0.00221751468631528
14	12.6666666666667	0.00618913577358836
14.6666666666667	12.6666666666667	0.0102386651063703
15.3333333333333	12.6666666666667	0.0139648760438914
16	12.6666666666667	0.0168079322365035
16.6666666666667	12.6666666666667	0.0183061699871359
17.3333333333333	12.6666666666667	0.0183549617385357
18	12.6666666666667	0.0172232143767198
18.6666666666667	12.6666666666667	0.0152901427867453
19.3333333333333	12.6666666666667	0.0127305820967312
20.0000000000000	12.6666666666667	0.00937760428485134
20.6666666666667	12.6666666666667	0.00483353190970619
21.3333333333333	12.6666666666667	0.00127090425185269
22.0000000000000	12.6666666666667	0.00907325409189416
22.6666666666667	12.6666666666667	0.0184075912896176
23.3333333333333	12.6666666666667	0.0287573648566175
24	12.6666666666667	0.0392337245031620
24.6666666666667	12.6666666666667	0.0487709394501554
25.3333333333333	12.6666666666667	0.0565562010973050
26	12.6666666666667	0.0622982115813270
26.6666666666667	12.6666666666667	0.0660155410622036
27.3333333333333	12.6666666666667	0.0676000451779434
28	12.6666666666667	0.0666279233664873
28.6666666666667	12.6666666666667	0.0626237985144513
29.3333333333333	12.6666666666667	0.0555854491083978
30	12.6666666666667	0.0462504592993245
30.6666666666667	12.6666666666667	0.0357910802468795
31.3333333333333	12.6666666666667	0.0252817458143406
32	12.6666666666667	0.0154135956254904
32.6666666666667	12.6666666666667	0.00648368577188174
33.3333333333333	12.6666666666667	0.00153407796741067

6.66666666666667	13.3333333333333	0.0368708820145831
7.33333333333333	13.3333333333333	0.0329612640012273
8	13.3333333333333	0.0293048445276898
8.66666666666667	13.3333333333333	0.0258143272497896
9.33333333333333	13.3333333333333	0.0223907511505235
10	13.3333333333333	0.0189417991300216
10.6666666666667	13.3333333333333	0.0154113852484379
11.3333333333333	13.3333333333333	0.0117915199102151
12	13.3333333333333	0.00809918801541039
12.6666666666667	13.3333333333333	0.00433619930836061
13.3333333333333	13.3333333333333	0.000484520986842493
14	13.3333333333333	0.00342275022866851
14.6666666666667	13.3333333333333	0.00718942087382802
15.3333333333333	13.3333333333333	0.0104032768494597
16	13.3333333333333	0.0125317267827761
16.6666666666667	13.3333333333333	0.0131642484704810
17.3333333333333	13.3333333333333	0.0122512522036753
18	13.3333333333333	0.0101254469355889
18.6666666666667	13.3333333333333	0.00726527108523227
19.3333333333333	13.3333333333333	0.00398310909148776
20.0000000000000	13.3333333333333	0.000237722851157682
20.6666666666667	13.3333333333333	0.00434417386285219
21.3333333333333	13.3333333333333	0.0102725546538814
22.0000000000000	13.3333333333333	0.0179355845096904
22.6666666666667	13.3333333333333	0.0273441617643585
23.3333333333333	13.3333333333333	0.0379037496255384
24	13.3333333333333	0.0483683971603251
24.6666666666667	13.3333333333333	0.0572014201487788
25.3333333333333	13.3333333333333	0.0632516334528686
26	13.3333333333333	0.0662159742770703
26.6666666666667	13.3333333333333	0.0664885081223725
27.3333333333333	13.3333333333333	0.0646142453856324
28	13.3333333333333	0.0608558715099574
28.6666666666667	13.3333333333333	0.0551749906672223
29.3333333333333	13.3333333333333	0.0475642802883334
30	13.3333333333333	0.0383574060034912
30.6666666666667	13.3333333333333	0.0282059701109443
31.3333333333333	13.3333333333333	0.0178409189477429
32	13.3333333333333	0.00788660935597374
32.6666666666667	13.3333333333333	0.00122803304598973
33.3333333333333	13.3333333333333	0.00932792624442103

6.66666666666667	14	0.0409689983587200
7.33333333333333	14	0.0370511261482382
8	14	0.0333984699066881
8.66666666666667	14	0.0298766865251370
9.33333333333333	14	0.0263432083600620
10	14	0.0226794397122211
10.6666666666667	14	0.0188354423432340
11.3333333333333	14	0.0148525297726963
12	14	0.0108363123595698
12.6666666666667	14	0.00689235173441100
13.3333333333333	14	0.00308590101936116
14	14	0.000513908605928172
14.6666666666667	14	0.00372645170725798
15.3333333333333	14	0.00619315195505546
16	14	0.00745223544363220
16.6666666666667	14	0.00715536936028925
17.3333333333333	14	0.00528717798916910
18	14	0.00220091149182333
18.6666666666667	14	0.00157462766715962
19.3333333333333	14	0.00562254099762370
20.0000000000000	14	0.00986095036136574
20.6666666666667	14	0.0146132420103711
21.3333333333333	14	0.0204823847775307
22.0000000000000	14	0.0280222965549849
22.6666666666667	14	0.0372850933196923
23.3333333333333	14	0.0474648385026412
24	14	0.0569471661624762
24.6666666666667	14	0.0639099150535725
25.3333333333333	14	0.0671798874511348
26	14	0.0667289251755594
26.6666666666667	14	0.0634510124069467
27.3333333333333	14	0.0584726314310613
28	14	0.0525334985957668
28.6666666666667	14	0.0457975420004964
29.3333333333333	14	0.0381056393506678
30	14	0.0293767119447774
30.6666666666667	14	0.0198240846408364
31.3333333333333	14	0.00992601796022097
32	14	0.000280158697364197
32.6666666666667	14	0.00857211685342785
33.3333333333333	14	0.0163091322350626

6.66666666666667	14.6666666666667	0.0453309611144725
7.33333333333333	14.6666666666667	0.0414248753192082
8	14.6666666666667	0.0377556329782155
8.66666666666667	14.6666666666667	0.0341464076182421
9.33333333333333	14.6666666666667	0.0304145861061075
10	14.6666666666667	0.0264209807295171
10.6666666666667	14.6666666666667	0.0221397580962463
11.3333333333333	14.6666666666667	0.0176991991973889
12	14.6666666666667	0.0133421239916650
12.6666666666667	14.6666666666667	0.00930766355671582
13.3333333333333	14.6666666666667	0.00572596065052982
14	14.6666666666667	0.00263884427809778
14.6666666666667	14.6666666666667	0.000138495068277213
15.3333333333333	14.6666666666667	0.00151625877762233
16	14.6666666666667	0.00193837670074703
16.6666666666667	14.6666666666667	0.000812391809591645
17.3333333333333	14.6666666666667	0.00188521607105042
18	14.6666666666667	0.00582870069040412
18.6666666666667	14.6666666666667	0.0104957338419192
19.3333333333333	14.6666666666667	0.0154162809635422
20.0000000000000	14.6666666666667	0.0203972453485493
20.6666666666667	14.6666666666667	0.0256556075736573
21.3333333333333	14.6666666666667	0.0317559378848625
22.0000000000000	14.6666666666667	0.0392371936364100
22.6666666666667	14.6666666666667	0.0480376280487441
23.3333333333333	14.6666666666667	0.0571177940367834
24	14.6666666666667	0.0646583691209762
24.6666666666667	14.6666666666667	0.0688396247512998
25.3333333333333	14.6666666666667	0.0687555995282460
26	14.6666666666667	0.0648234049879539
26.6666666666667	14.6666666666667	0.0584025354127795
27.3333333333333	14.6666666666667	0.0509678613202305
28	14.6666666666667	0.0434305677576954
28.6666666666667	14.6666666666667	0.0359539495794561
29.3333333333333	14.6666666666667	0.0282265429713320
30	14.6666666666667	0.0199071445145900
30.6666666666667	14.6666666666667	0.0109439405074769
31.3333333333333	14.6666666666667	0.00165417824282832
32	14.6666666666667	0.00739161235329444
32.6666666666667	14.6666666666667	0.0155956947814166
33.3333333333333	14.6666666666667	0.0225686497748141

6.66666666666667	15.3333333333333	0.0499564250700870
7.33333333333333	15.3333333333333	0.0460534271952768
8	15.3333333333333	0.0423268493599741
8.66666666666667	15.3333333333333	0.0385692062464040
9.33333333333333	15.3333333333333	0.0345685593628265
10	15.3333333333333	0.0301780061714206
10.6666666666667	15.3333333333333	0.0254167120715923
11.3333333333333	15.3333333333333	0.0205274693433131
12	15.3333333333333	0.0159108951031107
12.6666666666667	15.3333333333333	0.0119330545072262
13.3333333333333	15.3333333333333	0.00874582795551593
14	15.3333333333333	0.00630024873532294
14.6666666666667	15.3333333333333	0.00454589045151490
15.3333333333333	15.3333333333333	0.00361805998012174
16	15.3333333333333	0.00384193274130969
16.6666666666667	15.3333333333333	0.00554160639435592
17.3333333333333	15.3333333333333	0.00880384461677418
18	15.3333333333333	0.0133945993773938
18.6666666666667	15.3333333333333	0.0188718510912839
19.3333333333333	15.3333333333333	0.0247717953377141
20.0000000000000	15.3333333333333	0.0307819962653205
20.6666666666667	15.3333333333333	0.0368933190248919
21.3333333333333	15.3333333333333	0.0434190018118309
22.0000000000000	15.3333333333333	0.0506810272720737
22.6666666666667	15.3333333333333	0.0584554952614712
23.3333333333333	15.3333333333333	0.0656423319926778
24	15.3333333333333	0.0705252767097295
24.6666666666667	15.3333333333333	0.0715649329808148
25.3333333333333	15.3333333333333	0.0682592985352530
26	15.3333333333333	0.0614284381115278
26.6666666666667	15.3333333333333	0.0526809717699104
27.3333333333333	15.3333333333333	0.0435338893190091
28	15.3333333333333	0.0348308513665532
28.6666666666667	15.3333333333333	0.0266805416459994
29.3333333333333	15.3333333333333	0.0187425764203759
30	15.3333333333333	0.0106117795205960
30.6666666666667	15.3333333333333	0.00212640943034570
31.3333333333333	15.3333333333333	0.00649898646338354
32	15.3333333333333	0.0147478186542180
32.6666666666667	15.3333333333333	0.0220350996686003
33.3333333333333	15.3333333333333	0.0279803628843709

6.66666666666667	16	0.0548167575648276
7.33333333333333	16	0.0508754311215797
8	16	0.0470341389480797
8.66666666666667	16	0.0430731930255875
9.33333333333333	16	0.0387742032601892
10	16	0.0340081499423289
10.6666666666667	16	0.0288583371439988
11.3333333333333	16	0.0236795354683681
12	16	0.0189984861638390
12.6666666666667	16	0.0152590946029236
13.3333333333333	16	0.0125903493901650
14	16	0.0108247948300355
14.6666666666667	16	0.00975554182794968
15.3333333333333	16	0.00938789136904821
16	16	0.00998949485527597
16.6666666666667	16	0.0119197055466063
17.3333333333333	16	0.0153843705488260
18	16	0.0203195881098643
18.6666666666667	16	0.0264409826735718
19.3333333333333	16	0.0333260076692491
20.0000000000000	16	0.0404878492139567
20.6666666666667	16	0.0475278229724558
21.3333333333333	16	0.0543006692790050
22.0000000000000	16	0.0608073418893684
22.6666666666667	16	0.0667785435380587
23.3333333333333	16	0.0713590475822760
24	16	0.0732654544716043
24.6666666666667	16	0.0714213810271591
25.3333333333333	16	0.0656814865185016
26	16	0.0570190094750980
26.6666666666667	16	0.0469607854652496
27.3333333333333	16	0.0368130962642299
28	16	0.0272732421734689
28.6666666666667	16	0.0184704491614491
29.3333333333333	16	0.0101836273385909
30	16	0.00209254734779929
30.6666666666667	16	0.00597380859890118
31.3333333333333	16	0.0138767169067813
32	16	0.0211923148349316
32.6666666666667	16	0.0274168546790801
33.3333333333333	16	0.0322389800706331

6.66666666666667	16.6666666666667	0.0598339675334442
7.33333333333333	16.6666666666667	0.0557760916041473
8	16.6666666666667	0.0517463783423307
8.66666666666667	16.6666666666667	0.0475404267503597
9.33333333333333	16.6666666666667	0.0429685870876169
10	16.6666666666667	0.0379505962380089
10.6666666666667	16.6666666666667	0.0326372691954783
11.3333333333333	16.6666666666667	0.0274535888549523
12	16.6666666666667	0.0229748243502821
12.6666666666667	16.6666666666667	0.0196503084139810
13.3333333333333	16.6666666666667	0.0175604246028517
14	16.6666666666667	0.0164390782864482
14.6666666666667	16.6666666666667	0.0159505728457281
15.3333333333333	16.6666666666667	0.0159768406429407
16	16.6666666666667	0.0167179268900630
16.6666666666667	16.6666666666667	0.0185716409653096
17.3333333333333	16.6666666666667	0.0219055963986694
18	16.6666666666667	0.0268933478573887
18.6666666666667	16.6666666666667	0.0334462770011032
19.3333333333333	16.6666666666667	0.0411474219842504
20.0000000000000	16.6666666666667	0.0492301493564960
20.6666666666667	16.6666666666667	0.0567847014771524
21.3333333333333	16.6666666666667	0.0631490636888725
22.0000000000000	16.6666666666667	0.0680790419905493
22.6666666666667	16.6666666666667	0.0714786700550614
23.3333333333333	16.6666666666667	0.0730173171910593
24	16.6666666666667	0.0720609493494107
24.6666666666667	16.6666666666667	0.0680392057339687
25.3333333333333	16.6666666666667	0.0609788777681601
26	16.6666666666667	0.0516692068516185
26.6666666666667	16.6666666666667	0.0412599366870956
27.3333333333333	16.6666666666667	0.0307357272838318
28	16.6666666666667	0.0206953361408484
28.6666666666667	16.6666666666667	0.0113873364104311
29.3333333333333	16.6666666666667	0.00279938679966696
30	16.6666666666667	0.00522845162204932
30.6666666666667	16.6666666666667	0.0128237477757200
31.3333333333333	16.6666666666667	0.0199139341366408
32	16.6666666666667	0.0262029388042260
32.6666666666667	16.6666666666667	0.0313228577131950
33.3333333333333	16.6666666666667	0.0350702881130403

6.66666666666667	17.3333333333333	0.0648707643942782
7.33333333333333	17.3333333333333	0.0605812048255763
8	17.3333333333333	0.0562759333003489
8.66666666666667	17.3333333333333	0.0518045324840608
9.33333333333333	17.3333333333333	0.0470417317590599
10	17.3333333333333	0.0419688943252180
10.6666666666667	17.3333333333333	0.0367770305312338
11.3333333333333	17.3333333333333	0.0318942629380010
12	17.3333333333333	0.0278612189337502
12.6666666666667	17.3333333333333	0.0250746305443324
13.3333333333333	17.3333333333333	0.0235663289981418
14	17.3333333333333	0.0230191350312738
14.6666666666667	17.3333333333333	0.0230189579389555
15.3333333333333	17.3333333333333	0.0233445338184384
16	17.3333333333333	0.0241193332429785
16.6666666666667	17.3333333333333	0.0257698335026422
17.3333333333333	17.3333333333333	0.0288382321102494
18	17.3333333333333	0.0337460580467263
18.6666666666667	17.3333333333333	0.0405496777542723
19.3333333333333	17.3333333333333	0.0487154526693213
20.0000000000000	17.3333333333333	0.0570888859721533
20.6666666666667	17.3333333333333	0.0642678528280595
21.3333333333333	17.3333333333333	0.0692399530616324
22.0000000000000	17.3333333333333	0.0717501102324103
22.6666666666667	17.3333333333333	0.0720852308470239
23.3333333333333	17.3333333333333	0.0705646949641392
24	17.3333333333333	0.0672147754123040
24.6666666666667	17.3333333333333	0.0618543625996411
25.3333333333333	17.3333333333333	0.0544568407579134
26	17.3333333333333	0.0453897229725415
26.6666666666667	17.3333333333333	0.0353058277125404
27.3333333333333	17.3333333333333	0.0248922874040622
28	17.3333333333333	0.0147256480148052
28.6666666666667	17.3333333333333	0.00521808674568902
29.3333333333333	17.3333333333333	0.00342602829569261
30	17.3333333333333	0.0112016888486015
30.6666666666667	17.3333333333333	0.0181830991014529
31.3333333333333	17.3333333333333	0.0243625179420439
32	17.3333333333333	0.0295863242488146
32.6666666666667	17.3333333333333	0.0336458060478595
33.3333333333333	17.3333333333333	0.0364585394582662

6.66666666666667	18	0.0697698212002338
7.33333333333333	18	0.0651117526869349
8	18	0.0604467074989137
8.66666666666667	18	0.0557217079469086
9.33333333333333	18	0.0508915560083353
10	18	0.0459737531465150
10.6666666666667	18	0.0411424775778879
11.3333333333333	18	0.0367647299566100
12	18	0.0332988857492975
12.6666666666667	18	0.0310743521325976
13.3333333333333	18	0.0300976067495658
14	18	0.0300512001307401
14.6666666666667	18	0.0304979848643032
15.3333333333333	18	0.0311491895147909
16	18	0.0320563220462955
16.6666666666667	18	0.0336534700294332
17.3333333333333	18	0.0366136262997429
18	18	0.0415185771945709
18.6666666666667	18	0.0484241297892143
19.3333333333333	18	0.0565376976130599
20.0000000000000	18	0.0643051875237782
20.6666666666667	18	0.0700223596219984
21.3333333333333	18	0.0726413297847303
22.0000000000000	18	0.0721710650808742
22.6666666666667	18	0.0693942481978895
23.3333333333333	18	0.0652083413792250
24	18	0.0601006229686767
24.6666666666667	18	0.0540546132048883
25.3333333333333	18	0.0468432214187331
26	18	0.0383916321607516
26.6666666666667	18	0.0289289896637097
27.3333333333333	18	0.0189321439766665
28	18	0.00899405012503518
28.6666666666667	18	0.000330692974612745
29.3333333333333	18	0.00867465483382102
30	18	0.0159194377132010
30.6666666666667	18	0.0221145868958477
31.3333333333333	18	0.0273203922748388
32	18	0.0315134385804017
32.6666666666667	18	0.0346285741013244
33.3333333333333	18	0.0366888443808096

6.66666666666667	18.6666666666667	0.0744399520033506
7.33333333333333	18.6666666666667	0.0692950624725890
8	18.6666666666667	0.0642218803837218
8.66666666666667	18.6666666666667	0.0592946069395339
9.33333333333333	18.6666666666667	0.0545310649784827
10	18.6666666666667	0.0499266790315328
10.6666666666667	18.6666666666667	0.0455732438533394
11.3333333333333	18.6666666666667	0.0417361054713722
12	18.6666666666667	0.0387886781050729
12.6666666666667	18.6666666666667	0.0370203656058053
13.3333333333333	18.6666666666667	0.0364543866140539
14	18.6666666666667	0.0368250485957945
14.6666666666667	18.6666666666667	0.0377323635758934
15.3333333333333	18.6666666666667	0.0388688871855230
16	18.6666666666667	0.0402194776121542
16.6666666666667	18.6666666666667	0.0421646563538737
17.3333333333333	18.6666666666667	0.0453759505554080
18	18.6666666666667	0.0504135917051407
18.6666666666667	18.6666666666667	0.0571726128537335
19.3333333333333	18.6666666666667	0.0645717370955313
20.0000000000000	18.6666666666667	0.0708165930743570
20.6666666666667	18.6666666666667	0.0741925634279633
21.3333333333333	18.6666666666667	0.0739120811751689
22.0000000000000	18.6666666666667	0.0704170603047061
22.6666666666667	18.6666666666667	0.0649432241934433
23.3333333333333	18.6666666666667	0.0587296394457195
24	18.6666666666667	0.0524259002904337
24.6666666666667	18.6666666666667	0.0459895632062182
25.3333333333333	18.6666666666667	0.0390018334200737
26	18.6666666666667	0.0311001944240124
26.6666666666667	18.6666666666667	0.0222551883991691
27.3333333333333	18.6666666666667	0.0128158611118105
28	18.6666666666667	0.00338455076429867
28.6666666666667	18.6666666666667	0.00540295475044061
29.3333333333333	18.6666666666667	0.0130988670622889
30	18.6666666666667	0.0195493838312961
30.6666666666667	18.6666666666667	0.0248262627796505
31.3333333333333	18.6666666666667	0.0290610195112286
32	18.6666666666667	0.0323305017160154
32.6666666666667	18.6666666666667	0.0346708818038621
33.3333333333333	18.6666666666667	0.0361740213909147

6.66666666666667	19.3333333333333	0.0789312494016684
7.33333333333333	19.3333333333333	0.0732572740419317
8	19.3333333333333	0.0677986713083815
8.66666666666667	19.3333333333333	0.0627528995790081
9.33333333333333	19.3333333333333	0.0581593189056895
10	19.3333333333333	0.0539315025299660
10.6666666666667	19.3333333333333	0.0500321564502093
11.3333333333333	19.3333333333333	0.0466112882996410
12	19.3333333333333	0.0439796317692160
12.6666666666667	19.3333333333333	0.0424332507679655
13.3333333333333	19.3333333333333	0.0420682355457617
14	19.3333333333333	0.0427340262013028
14.6666666666667	19.3333333333333	0.0441375318767414
15.3333333333333	19.3333333333333	0.0460011936479191
16	19.3333333333333	0.0482189116517620
16.6666666666667	19.3333333333333	0.0509839841396989
17.3333333333333	19.3333333333333	0.0547485095970565
18	19.3333333333333	0.0598514488591231
18.6666666666667	19.3333333333333	0.0659810725803030
19.3333333333333	19.3333333333333	0.0719362540596698
20.0000000000000	19.3333333333333	0.0759807402323858
20.6666666666667	19.3333333333333	0.0766614444372081
21.3333333333333	19.3333333333333	0.0735914206591717
22.0000000000000	19.3333333333333	0.0676099152437364
22.6666666666667	19.3333333333333	0.0601930097124859
23.3333333333333	19.3333333333333	0.0526191234696831
24	19.3333333333333	0.0454698153795730
24.6666666666667	19.3333333333333	0.0386355727891394
25.3333333333333	19.3333333333333	0.0316416841995126
26	19.3333333333333	0.0240390189551545
26.6666666666667	19.3333333333333	0.0156891115764446
27.3333333333333	19.3333333333333	0.00686070714790876
28	19.3333333333333	0.00187018125097760
28.6666666666667	19.3333333333333	0.00986137627810368
29.3333333333333	19.3333333333333	0.0166661519423110
30	19.3333333333333	0.0221631166665768
30.6666666666667	19.3333333333333	0.0264826179283970
31.3333333333333	19.3333333333333	0.0298248578908140
32	19.3333333333333	0.0323339139425904
32.6666666666667	19.3333333333333	0.0341000932540965
33.3333333333333	19.3333333333333	0.0352409638347329

6.66666666666667	20.0000000000000	0.0834230534459662
7.33333333333333	20.0000000000000	0.0772981885583044
8	20.0000000000000	0.0715615019756123
8.66666666666667	20.0000000000000	0.0664903974297483
9.33333333333333	20.0000000000000	0.0621041488493882
10	20.0000000000000	0.0582081359120448
10.6666666666667	20.0000000000000	0.0546267924033297
11.3333333333333	20.0000000000000	0.0514001836619274
12	20.0000000000000	0.0487981611671250
12.6666666666667	20.0000000000000	0.0471653948415525
13.3333333333333	20.0000000000000	0.0467319339545044
14	20.0000000000000	0.0475348652947375
14.6666666666667	20.0000000000000	0.0494523050779517
15.3333333333333	20.0000000000000	0.0522538463138864
16	20.0000000000000	0.0556647777994519
16.6666666666667	20.0000000000000	0.0595049198865323
17.3333333333333	20.0000000000000	0.0637879631448312
18	20.0000000000000	0.0685321513621299
18.6666666666667	20.0000000000000	0.0733477323226977
19.3333333333333	20.0000000000000	0.0772232946134408
20.0000000000000	20.0000000000000	0.0787991658657097
20.6666666666667	20.0000000000000	0.0770476586193853
21.3333333333333	20.0000000000000	0.0719257761410483
22.0000000000000	20.0000000000000	0.0644278385019423
22.6666666666667	20.0000000000000	0.0559562297227278
23.3333333333333	20.0000000000000	0.0475928250741209
24	20.0000000000000	0.0397875147519406
24.6666666666667	20.0000000000000	0.0324542545671886
25.3333333333333	20.0000000000000	0.0252240441686524
26	20.0000000000000	0.0177149455355163
26.6666666666667	20.0000000000000	0.00977346748457109
27.3333333333333	20.0000000000000	0.00160247651982193
28	20.0000000000000	0.00629669599043137
28.6666666666667	20.0000000000000	0.0133474256084236
29.3333333333333	20.0000000000000	0.0191648504468454
30	20.0000000000000	0.0236940554761294
30.6666666666667	20.0000000000000	0.0271310104902192
31.3333333333333	20.0000000000000	0.0297306888495221
32	20.0000000000000	0.0316761321024579
32.6666666666667	20.0000000000000	0.0330754299164315
33.3333333333333	20.0000000000000	0.0340365749955742

6.66666666666667	20.6666666666667	0.0880954192141933
7.33333333333333	20.6666666666667	0.0817085194308178
8	20.6666666666667	0.0758580836618732
8.66666666666667	20.6666666666667	0.0708351134255696
9.33333333333333	20.6666666666667	0.0666181757178671
10	20.6666666666667	0.0629256492088531
10.6666666666667	20.6666666666667	0.0594739404864739
11.3333333333333	20.6666666666667	0.0562109842310424
12	20.6666666666667	0.0533766499726230
12.6666666666667	20.6666666666667	0.0513893555061867
13.3333333333333	20.6666666666667	0.0506642124291610
14	20.6666666666667	0.0514827415958701
14.6666666666667	20.6666666666667	0.0539122151199332
15.3333333333333	20.6666666666667	0.0577137088787145
16	20.6666666666667	0.0623179132242467
16.6666666666667	20.6666666666667	0.0670255549980365
17.3333333333333	20.6666666666667	0.0713351500341932
18	20.6666666666667	0.0750205388187468
18.6666666666667	20.6666666666667	0.0778478515179937
19.3333333333333	20.6666666666667	0.0792868047501633
20.0000000000000	20.6666666666667	0.0785650734842480
20.6666666666667	20.6666666666667	0.0751008575336569
21.3333333333333	20.6666666666667	0.0689896029846591
22.0000000000000	20.6666666666667	0.0610448712154781
22.6666666666667	20.6666666666667	0.0523220253232806
23.3333333333333	20.6666666666667	0.0436209569782653
24	20.6666666666667	0.0353280800540006
24.6666666666667	20.6666666666667	0.0274970252382425
25.3333333333333	20.6666666666667	0.0199681809287435
26	20.6666666666667	0.0125067471245912
26.6666666666667	20.6666666666667	0.00498924330505890
27.3333333333333	20.6666666666667	0.00245114048436434
28	20.6666666666667	0.00943303869975853
28.6666666666667	20.6666666666667	0.0155020785507043
29.3333333333333	20.6666666666667	0.0203702362808453
30	20.6666666666667	0.0240488892610102
30.6666666666667	20.6666666666667	0.0267766329887795
31.3333333333333	20.6666666666667	0.0288357597576203
32	20.6666666666667	0.0304238669895929
32.6666666666667	20.6666666666667	0.0316452241341008
33.3333333333333	20.6666666666667	0.0325796103555991

6.66666666666667	21.3333333333333	0.0929628952884692
7.33333333333333	21.3333333333333	0.0865348281089388
8	21.3333333333333	0.0807238161751782
8.66666666666667	21.3333333333333	0.0757783296728629
9.33333333333333	21.3333333333333	0.0716419331018625
10	21.3333333333333	0.0679984830545820
10.6666666666667	21.3333333333333	0.0645113021774815
11.3333333333333	21.3333333333333	0.0610659144254552
12	21.3333333333333	0.0578805577175057
12.6666666666667	21.3333333333333	0.0554565428836238
13.3333333333333	21.3333333333333	0.0544137842585357
14	21.3333333333333	0.0552765509437776
14.6666666666667	21.3333333333333	0.0582283428344297
15.3333333333333	21.3333333333333	0.0628810586658091
16	21.3333333333333	0.0682505429816575
16.6666666666667	21.3333333333333	0.0731232794320982
17.3333333333333	21.3333333333333	0.0766321802714636
18	21.3333333333333	0.0785326732048385
18.6666666666667	21.3333333333333	0.0789620019623724
19.3333333333333	21.3333333333333	0.0780070302982416
20.0000000000000	21.3333333333333	0.0754967217741744
20.6666666666667	21.3333333333333	0.0711669839041651
21.3333333333333	21.3333333333333	0.0650079553950465
22.0000000000000	21.3333333333333	0.0574093766158059
22.6666666666667	21.3333333333333	0.0489745646760804
23.3333333333333	21.3333333333333	0.0402682707236375
24	21.3333333333333	0.0317092922746922
24.6666666666667	21.3333333333333	0.0235507426022150
25.3333333333333	21.3333333333333	0.0158629967666193
26	21.3333333333333	0.00856883101196049
26.6666666666667	21.3333333333333	0.00158059542195232
27.3333333333333	21.3333333333333	0.00504712793509565
28	21.3333333333333	0.0110773942102496
28.6666666666667	21.3333333333333	0.0162054833606708
29.3333333333333	21.3333333333333	0.0202504908245968
30	21.3333333333333	0.0232716650205207
30.6666666666667	21.3333333333333	0.0255140580018551
31.3333333333333	21.3333333333333	0.0272522806553948
32	21.3333333333333	0.0286738842045065
32.6666666666667	21.3333333333333	0.0298666927790574
33.3333333333333	21.3333333333333	0.0308801409903996

6.66666666666667	22.0000000000000	0.0978222171206325
7.33333333333333	22.0000000000000	0.0915017039625281
8	22.0000000000000	0.0857962208286292
8.66666666666667	22.0000000000000	0.0808941183920657
9.33333333333333	22.0000000000000	0.0767307535824807
10	22.0000000000000	0.0730142447376488
10.6666666666667	22.0000000000000	0.0694177238050738
11.3333333333333	22.0000000000000	0.0658067976755451
12	22.0000000000000	0.0623912163061769
12.6666666666667	22.0000000000000	0.0597429762984476
13.3333333333333	22.0000000000000	0.0586449151661628
14	22.0000000000000	0.0597656181663626
14.6666666666667	22.0000000000000	0.0632403982674969
15.3333333333333	22.0000000000000	0.0683741367321908
16	22.0000000000000	0.0737504321331657
16.6666666666667	22.0000000000000	0.0778309476361482
17.3333333333333	22.0000000000000	0.0796920597825832
18	22.0000000000000	0.0793346685339986
18.6666666666667	22.0000000000000	0.0773732447209086
19.3333333333333	22.0000000000000	0.0744423694315317
20.0000000000000	22.0000000000000	0.0707802049191437
20.6666666666667	22.0000000000000	0.0662192839493865
21.3333333333333	22.0000000000000	0.0604936559812086
22.0000000000000	22.0000000000000	0.0535442441283327
22.6666666666667	22.0000000000000	0.0455993535097412
23.3333333333333	22.0000000000000	0.0370872376210838
24	22.0000000000000	0.0285100412545347
24.6666666666667	22.0000000000000	0.0203089046009302
25.3333333333333	22.0000000000000	0.0127383341644260
26	22.0000000000000	0.00583301395217983
26.6666666666667	22.0000000000000	0.000485822687934956
27.3333333333333	22.0000000000000	0.00624883246632457
28	22.0000000000000	0.0113580218670961
28.6666666666667	22.0000000000000	0.0156493042143522
29.3333333333333	22.0000000000000	0.0190365635296583
30	22.0000000000000	0.0216060749111326
30.6666666666667	22.0000000000000	0.0235798775036962
31.3333333333333	22.0000000000000	0.0251935516640698
32	22.0000000000000	0.0266004904099253
32.6666666666667	22.0000000000000	0.0278630643433768
33.3333333333333	22.0000000000000	0.0290079973170183

6.66666666666667	22.6666666666667	0.102371608226617
7.33333333333333	22.6666666666667	0.0961690966588570
8	22.6666666666667	0.0905057357575750
8.66666666666667	22.6666666666667	0.0855336504014114
9.33333333333333	22.6666666666667	0.0812234227806513
10	22.6666666666667	0.0773663606636116
10.6666666666667	22.6666666666667	0.0737116185890051
11.3333333333333	22.6666666666667	0.0701543224980229
12	22.6666666666667	0.0668986105892253
12.6666666666667	22.6666666666667	0.0645241991504825
13.3333333333333	22.6666666666667	0.0638422272934111
14	22.6666666666667	0.0654764934753071
14.6666666666667	22.6666666666667	0.0693411069861889
15.3333333333333	22.6666666666667	0.0743914975219780
16	22.6666666666667	0.0789332743909016
16.6666666666667	22.6666666666667	0.0813993455475919
17.3333333333333	22.6666666666667	0.0811100204283328
18	22.6666666666667	0.0784760395461190
18.6666666666667	22.6666666666667	0.0745375939768944
19.3333333333333	22.6666666666667	0.0702388042386810
20.0000000000000	22.6666666666667	0.0659361639582463
20.6666666666667	22.6666666666667	0.0613801083888585
21.3333333333333	22.6666666666667	0.0560662950232360
22.0000000000000	22.6666666666667	0.0496433870270328
22.6666666666667	22.6666666666667	0.0421276324999775
23.3333333333333	22.6666666666667	0.0338928411213217
24	22.6666666666667	0.0255197683289330
24.6666666666667	22.6666666666667	0.0175787728886796
25.3333333333333	22.6666666666667	0.0104278228253243
26	22.6666666666667	0.00413911921381782
26.6666666666667	22.6666666666667	0.00139935432205096
27.3333333333333	22.6666666666667	0.00630429246356723
28	22.6666666666667	0.0105889739255343
28.6666666666667	22.6666666666667	0.0141941149327245
29.3333333333333	22.6666666666667	0.0170994186091642
30	22.6666666666667	0.0193991853440094
30.6666666666667	22.6666666666667	0.0212757999635578
31.3333333333333	22.6666666666667	0.0229066825168065
32	22.6666666666667	0.0243954515727358
32.6666666666667	22.6666666666667	0.0257756220952041
33.3333333333333	22.6666666666667	0.0270618624674679

6.66666666666667	23.3333333333333	0.106387037141927
7.33333333333333	23.3333333333333	0.100169228475562
8	23.3333333333333	0.0943612211714060
8.66666666666667	23.3333333333333	0.0891269774789758
9.33333333333333	23.3333333333333	0.0845295777569144
10	23.3333333333333	0.0805090093958921
10.6666666666667	23.3333333333333	0.0769587671544421
11.3333333333333	23.3333333333333	0.0738427771392464
12	23.3333333333333	0.0713207459660087
12.6666666666667	23.3333333333333	0.0698344869790527
13.3333333333333	23.3333333333333	0.0700003808292332
14	23.3333333333333	0.0721962356180991
14.6666666666667	23.3333333333333	0.0760653591400767
15.3333333333333	23.3333333333333	0.0803742641342795
16	23.3333333333333	0.0834399332462443
16.6666666666667	23.3333333333333	0.0839366244077238
17.3333333333333	23.3333333333333	0.0815745886243930
18	23.3333333333333	0.0771434024586488
18.6666666666667	23.3333333333333	0.0718979385379601
19.3333333333333	23.3333333333333	0.0667948092414490
20.0000000000000	23.3333333333333	0.0620904674269180
20.6666666666667	23.3333333333333	0.0574281942561843
21.3333333333333	23.3333333333333	0.0522150842206495
22.0000000000000	23.3333333333333	0.0460135328492366
22.6666666666667	23.3333333333333	0.0387716635261755
23.3333333333333	23.3333333333333	0.0308468635455657
24	23.3333333333333	0.0228561157057854
24.6666666666667	23.3333333333333	0.0154208644867584
25.3333333333333	23.3333333333333	0.00891948606959758
26	23.3333333333333	0.00339472079028536
26.6666666666667	23.3333333333333	0.00133121679497439
27.3333333333333	23.3333333333333	0.00545434462459493
28	23.3333333333333	0.00906499559553264
28.6666666666667	23.3333333333333	0.0121648920718078
29.3333333333333	23.3333333333333	0.0147635041550229
30	23.3333333333333	0.0169433785339823
30.6666666666667	23.3333333333333	0.0188388945184128
31.3333333333333	23.3333333333333	0.0205655692571307
32	23.3333333333333	0.0221777329714472
32.6666666666667	23.3333333333333	0.0236856687590024
33.3333333333333	23.3333333333333	0.0251019920457800

6.66666666666667	24	0.109802082896622
7.33333333333333	24	0.103336362887101
8	24	0.0971266071886740
8.66666666666667	24	0.0914005851167683
9.33333333333333	24	0.0863773027147974
10	24	0.0822124794049005
10.6666666666667	24	0.0789963444373010
11.3333333333333	24	0.0767602447644853
12	24	0.0755173522327819
12.6666666666667	24	0.0753628606371030
13.3333333333333	24	0.0764900412934621
14	24	0.0789366255136028
14.6666666666667	24	0.0822129441806206
15.3333333333333	24	0.0852057833567708
16	24	0.0865487681570043
16.6666666666667	24	0.0853057728517270
17.3333333333333	24	0.0815162655616084
18	24	0.0761166196310754
18.6666666666667	24	0.0702800005836715
19.3333333333333	24	0.0647595402065346
20.0000000000000	24	0.0596692886259520
20.6666666666667	24	0.0546571506659439
21.3333333333333	24	0.0492185769066356
22.0000000000000	24	0.0429853773648667
22.6666666666667	24	0.0359194628133235
23.3333333333333	24	0.0283587379392656
24	24	0.0208945966009741
24.6666666666667	24	0.0141211831208645
25.3333333333333	24	0.00837461182765953
26	24	0.00363422352126808
26.6666666666667	24	0.000348948439577335
27.3333333333333	24	0.00383375406478592
28	24	0.00695710086115309
28.6666666666667	24	0.00974493577738489
29.3333333333333	24	0.0122033614362893
30	24	0.0143833336327166
30.6666666666667	24	0.0163678578984241
31.3333333333333	24	0.0182200715897469
32	24	0.0199599867258584
32.6666666666667	24	0.0215877369248521
33.3333333333333	24	0.0231225918534861

6.66666666666667	24.6666666666667	0.112640633136978
7.33333333333333	24.6666666666667	0.105677887774955
8	24.6666666666667	0.0988358677672818
8.66666666666667	24.6666666666667	0.0924486442547365
9.33333333333333	24.6666666666667	0.0869448691252878
10	24.6666666666667	0.0827388417211613
10.6666666666667	24.6666666666667	0.0801140615784593
11.3333333333333	24.6666666666667	0.0790907863656618
12	24.6666666666667	0.0793836253300725
12.6666666666667	24.6666666666667	0.0805681007136510
13.3333333333333	24.6666666666667	0.0823224617670559
14	24.6666666666667	0.0844274900995263
14.6666666666667	24.6666666666667	0.0865120061392564
15.3333333333333	24.6666666666667	0.0878826744120620
16	24.6666666666667	0.0876888899892494
16.6666666666667	24.6666666666667	0.0853798456819466
17.3333333333333	24.6666666666667	0.0811026008038258
18	24.6666666666667	0.0756138699533322
18.6666666666667	24.6666666666667	0.0697603519619694
19.3333333333333	24.6666666666667	0.0640385197683262
20.0000000000000	24.6666666666667	0.0585180259060114
20.6666666666667	24.6666666666667	0.0529938458188632
21.3333333333333	24.6666666666667	0.0471693921228500
22.0000000000000	24.6666666666667	0.0408233730366794
22.6666666666667	24.6666666666667	0.0339580306949934
23.3333333333333	24.6666666666667	0.0268646245055963
24	24.6666666666667	0.0200453907435065
24.6666666666667	24.6666666666667	0.0140016772227822
25.3333333333333	24.6666666666667	0.00899166517834704
26	24.6666666666667	0.00493347649241827
26.6666666666667	24.6666666666667	0.00153106016139670
27.3333333333333	24.6666666666667	0.00150928642095138
28	24.6666666666667	0.00434538031565079
28.6666666666667	24.6666666666667	0.00700327651697652
29.3333333333333	24.6666666666667	0.00946409348237154
30	24.6666666666667	0.0117342068214663
30.6666666666667	24.6666666666667	0.0138474666793647
31.3333333333333	24.6666666666667	0.0158305106685130
32	24.6666666666667	0.0176889385846550
32.6666666666667	24.6666666666667	0.0194279487360092
33.3333333333333	24.6666666666667	0.0210810597026399

6.66666666666667	25.3333333333333	0.114875091649082
7.33333333333333	25.3333333333333	0.107258006798271
8	25.3333333333333	0.0997049153311256
8.66666666666667	25.3333333333333	0.0926820822478341
9.33333333333333	25.3333333333333	0.0868480899348141
10	25.3333333333333	0.0828554721730172
10.6666666666667	25.3333333333333	0.0810823801779482
11.3333333333333	25.3333333333333	0.0813757114173717
12	25.3333333333333	0.0830130158175134
12.6666666666667	25.3333333333333	0.0850351142051663
13.3333333333333	25.3333333333333	0.0867389388169841
14	25.3333333333333	0.0878739335661146
14.6666666666667	25.3333333333333	0.0884149754885948
15.3333333333333	25.3333333333333	0.0882347951738320
16	25.3333333333333	0.0870087880375312
16.6666666666667	25.3333333333333	0.0844251219174366
17.3333333333333	25.3333333333333	0.0804775160709970
18	25.3333333333333	0.0755040083696801
18.6666666666667	25.3333333333333	0.0699458882230046
19.3333333333333	25.3333333333333	0.0641231123082995
20.0000000000000	25.3333333333333	0.0581877129309540
20.6666666666667	25.3333333333333	0.0521671406673430
21.3333333333333	25.3333333333333	0.0460078427290256
22.0000000000000	25.3333333333333	0.0396427875824954
22.6666666666667	25.3333333333333	0.0331025365456918
23.3333333333333	25.3333333333333	0.0265999119853806
24	25.3333333333333	0.0205037687712970
24.6666666666667	25.3333333333333	0.0151836694288985
25.3333333333333	25.3333333333333	0.0108079101704650
26	25.3333333333333	0.00725558338733112
26.6666666666667	25.3333333333333	0.00422271774471206
27.3333333333333	25.3333333333333	0.00141636931939892
28	25.3333333333333	0.00131756549294071
28.6666666666667	25.3333333333333	0.00399102369467919
29.3333333333333	25.3333333333333	0.00655407304888733
30	25.3333333333333	0.00896971317260054
30.6666666666667	25.3333333333333	0.0112318488162639
31.3333333333333	25.3333333333333	0.0133457355951379
32	25.3333333333333	0.0153178372771876
32.6666666666667	25.3333333333333	0.0171692086945292
33.3333333333333	25.3333333333333	0.0189517715764662

6.66666666666667	26	0.116340951986363
7.33333333333333	26	0.108111490657268
8	26	0.100034807731714
8.66666666666667	26	0.0927052656852886
9.33333333333333	26	0.0869667267563768
10	26	0.0835944222097014
10.6666666666667	26	0.0828735320498861
11.3333333333333	26	0.0843020118832278
12	26	0.0866945161042264
12.6666666666667	26	0.0887415588678369
13.3333333333333	26	0.0896599909349437
14	26	0.0894241454802969
14.6666666666667	26	0.0884597664550477
15.3333333333333	26	0.0871405449310516
16	26	0.0854794913553170
16.6666666666667	26	0.0831807237743973
17.3333333333333	26	0.0799287268702313
18	26	0.0756196518885965
18.6666666666667	26	0.0703811534277237
19.3333333333333	26	0.0644780858706078
20.0000000000000	26	0.0582184038504412
20.6666666666667	26	0.0518679310220387
21.3333333333333	26	0.0455795568166799
22.0000000000000	26	0.0393941884000659
22.6666666666667	26	0.0333339791723919
23.3333333333333	26	0.0275114472989291
24	26	0.0221513886026683
24.6666666666667	26	0.0174882077755267
25.3333333333333	26	0.0136079109907827
26	26	0.0103736726958186
26.6666666666667	26	0.00750733175618379
27.3333333333333	26	0.00475035792600842
28	26	0.00197647009011614
28.6666666666667	26	0.000803734076009199
29.3333333333333	26	0.00351617133265680
30	26	0.00609558265951193
30.6666666666667	26	0.00851126165930261
31.3333333333333	26	0.0107584411149126
32	26	0.0128506850496404
32.6666666666667	26	0.0148262522270883
33.3333333333333	26	0.0167527890350119

6.66666666666667	26.6666666666667	0.116782812681007
7.33333333333333	26.6666666666667	0.108247783669951
8	26.6666666666667	0.100149028478322
8.66666666666667	26.6666666666667	0.0931436007380831
9.33333333333333	26.6666666666667	0.0881210204147336
10	26.6666666666667	0.0857785880990832
10.6666666666667	26.6666666666667	0.0861192716555689
11.3333333333333	26.6666666666667	0.0882363396574101
12	26.6666666666667	0.0906322783691835
12.6666666666667	26.6666666666667	0.0919482102794119
13.3333333333333	26.6666666666667	0.0916238835217960
14	26.6666666666667	0.0900164089309334
14.6666666666667	26.6666666666667	0.0879427250384799
15.3333333333333	26.6666666666667	0.0860387154720850
16	26.6666666666667	0.0843714632336972
16.6666666666667	26.6666666666667	0.0824926458861555
17.3333333333333	26.6666666666667	0.0798035422059393
18	26.6666666666667	0.0759197192966408
18.6666666666667	26.6666666666667	0.0708230339515112
19.3333333333333	26.6666666666667	0.0648133822388806
20.0000000000000	26.6666666666667	0.0583588324887701
20.6666666666667	26.6666666666667	0.0519106481498408
21.3333333333333	26.6666666666667	0.0457500086424005
22.0000000000000	26.6666666666667	0.0399523295912516
22.6666666666667	26.6666666666667	0.0344878950224272
23.3333333333333	26.6666666666667	0.0293626898498642
24	26.6666666666667	0.0246763164060875
24.6666666666667	26.6666666666667	0.0205544129552626
25.3333333333333	26.6666666666667	0.0170230050813922
26	26.6666666666667	0.0139468391970050
26.6666666666667	26.6666666666667	0.0110928121473197
27.3333333333333	26.6666666666667	0.00825898915320167
28	26.6666666666667	0.00536338501040401
28.6666666666667	26.6666666666667	0.00244093975612092
29.3333333333333	26.6666666666667	0.000423308870724171
30	26.6666666666667	0.00315607174363386
30.6666666666667	26.6666666666667	0.00571875530365951
31.3333333333333	26.6666666666667	0.00810385438240147
32	26.6666666666667	0.0103300264025332
32.6666666666667	26.6666666666667	0.0124449063296730
33.3333333333333	26.6666666666667	0.0145231588338923

6.66666666666667	27.3333333333333	0.115998908819621
7.33333333333333	27.3333333333333	0.107710016626422
8	27.3333333333333	0.100330355263601
8.66666666666667	27.3333333333333	0.0944216798427173
9.33333333333333	27.3333333333333	0.0906901484838587
10	27.3333333333333	0.0895501137388340
10.6666666666667	27.3333333333333	0.0906665380598811
11.3333333333333	27.3333333333333	0.0928801747333820
12	27.3333333333333	0.0946656833786843
12.6666666666667	27.3333333333333	0.0948880811821669
13.3333333333333	27.3333333333333	0.0933624531063388
14	27.3333333333333	0.0907988663066008
14.6666666666667	27.3333333333333	0.0881928857602414
15.3333333333333	27.3333333333333	0.0861495879887226
16	27.3333333333333	0.0845836391281725
16.6666666666667	27.3333333333333	0.0828854861325974
17.3333333333333	27.3333333333333	0.0803374149567833
18	27.3333333333333	0.0764864522413102
18.6666666666667	27.3333333333333	0.0713102071298901
19.3333333333333	27.3333333333333	0.0651768091628400
20.0000000000000	27.3333333333333	0.0586685492077876
20.6666666666667	27.3333333333333	0.0523411909286864
21.3333333333333	27.3333333333333	0.0465191422769538
22.0000000000000	27.3333333333333	0.0412460446089220
22.6666666666667	27.3333333333333	0.0364102774447224
23.3333333333333	27.3333333333333	0.0319190213932306
24	27.3333333333333	0.0277790227446468
24.6666666666667	27.3333333333333	0.0240464832487346
25.3333333333333	27.3333333333333	0.0207177592442189
26	27.3333333333333	0.0176748157927058
26.6666666666667	27.3333333333333	0.0147374870094028
27.3333333333333	27.3333333333333	0.0117660533902910
28	27.3333333333333	0.00872377154384640
28.6666666666667	27.3333333333333	0.00566352196814890
29.3333333333333	27.3333333333333	0.00266846898096240
30	27.3333333333333	0.000195892613128024
30.6666666666667	27.3333333333333	0.00289528362310776
31.3333333333333	27.3333333333333	0.00542237005975466
32	27.3333333333333	0.00779425747953688
32.6666666666667	27.3333333333333	0.0100565108747013
33.3333333333333	27.3333333333333	0.0122814791496193

6.66666666666667	28	0.114017223716964
7.33333333333333	28	0.106648611842491
8	28	0.100756231383994
8.66666666666667	28	0.0965748493812965
9.33333333333333	28	0.0943906571481036
10	28	0.0942458484888422
10.6666666666667	28	0.0956119814593958
11.3333333333333	28	0.0973849812407353
12	28	0.0983069572803725
12.6666666666667	28	0.0976063333719268
13.3333333333333	28	0.0954137075694075
14	28	0.0925695591716729
14.6666666666667	28	0.0899657228682547
15.3333333333333	28	0.0879780297626409
16	28	0.0863471100473054
16.6666666666667	28	0.0844348987369252
17.3333333333333	28	0.0815959565752089
18	28	0.0774655139829292
18.6666666666667	28	0.0720873853745072
19.3333333333333	28	0.0658794089109187
20.0000000000000	28	0.0594645931249094
20.6666666666667	28	0.0534186746371148
21.3333333333333	28	0.0480443508174968
22.0000000000000	28	0.0433199453523638
22.6666666666667	28	0.0390486438569688
23.3333333333333	28	0.0350577312446561
24	28	0.0312932333282685
24.6666666666667	28	0.0277785556461456
25.3333333333333	28	0.0245107590800151
26	28	0.0214047714396344
26.6666666666667	28	0.0183340092498030
27.3333333333333	28	0.0152112786871621
28	28	0.0120314877107059
28.6666666666667	28	0.00885354925301307
29.3333333333333	28	0.00574994933105799
30	28	0.00277108932459491
30.6666666666667	28	5.75560299811428e-05
31.3333333333333	28	0.00272746738476215
32	28	0.00524724242617758
32.6666666666667	28	0.00765193003633868
33.3333333333333	28	0.0100067064352043

6.66666666666667	28.6666666666667	0.111255859666088
7.33333333333333	28.6666666666667	0.105416448345231
8	28.6666666666667	0.101523756250040
8.66666666666667	28.6666666666667	0.0992820119945925
9.33333333333333	28.6666666666667	0.0984524236855526
10	28.6666666666667	0.0987974306657301
10.6666666666667	28.6666666666667	0.0998638405084927
11.3333333333333	28.6666666666667	0.100908823130445
12	28.6666666666667	0.101129546441304
12.6666666666667	28.6666666666667	0.100093194395406
13.3333333333333	28.6666666666667	0.0980151155129327
14	28.6666666666667	0.0955529045338026
14.6666666666667	28.6666666666667	0.0932776049172381
15.3333333333333	28.6666666666667	0.0913135858200911
16	28.6666666666667	0.0893557133822904
16.6666666666667	28.6666666666667	0.0869058185099743
17.3333333333333	28.6666666666667	0.0835230321221214
18	28.6666666666667	0.0790014676115014
18.6666666666667	28.6666666666667	0.0734567077691088
19.3333333333333	28.6666666666667	0.0673058629739414
20.0000000000000	28.6666666666667	0.0611326267372476
20.6666666666667	28.6666666666667	0.0554604899636182
21.3333333333333	28.6666666666667	0.0505348792669214
22.0000000000000	28.6666666666667	0.0462727308193696
22.6666666666667	28.6666666666667	0.0424172368684417
23.3333333333333	28.6666666666667	0.0387449158639708
24	28.6666666666667	0.0351685165063147
24.6666666666667	28.6666666666667	0.0317045190744896
25.3333333333333	28.6666666666667	0.0283725230726448
26	28.6666666666667	0.0251312776410373
26.6666666666667	28.6666666666667	0.0219024381375315
27.3333333333333	28.6666666666667	0.0186338213592485
28	28.6666666666667	0.0153330727585494
28.6666666666667	28.6666666666667	0.0120528738828316
29.3333333333333	28.6666666666667	0.00885075550738002
30	28.6666666666667	0.00576257661857405
30.6666666666667	28.6666666666667	0.00280746979390223
31.3333333333333	28.6666666666667	1.26318402315917e-06
32	28.6666666666667	0.00266005199284791
32.6666666666667	28.6666666666667	0.00519125598474979
33.3333333333333	28.6666666666667	0.00765330467628367

6.66666666666667	29.3333333333333	0.108572436958298
7.33333333333333	29.3333333333333	0.104631788487204
8	29.3333333333333	0.102791899408792
8.66666666666667	29.3333333333333	0.102184593037144
9.33333333333333	29.3333333333333	0.102163900148780
10	29.3333333333333	0.102442391131844
10.6666666666667	29.3333333333333	0.102885675968243
11.3333333333333	29.3333333333333	0.103269077167806
12	29.3333333333333	0.103250050172206
12.6666666666667	29.3333333333333	0.102570239459783
13.3333333333333	29.3333333333333	0.101256020941009
14	29.3333333333333	0.0995527958070643
14.6666666666667	29.3333333333333	0.0976608076847558
15.3333333333333	29.3333333333333	0.0955679115623775
16	29.3333333333333	0.0930834751911873
16.6666666666667	29.3333333333333	0.0899615073285709
17.3333333333333	29.3333333333333	0.0860115037788498
18	29.3333333333333	0.0811834739121200
18.6666666666667	29.3333333333333	0.0756289979985736
19.3333333333333	29.3333333333333	0.0697076078385495
20.0000000000000	29.3333333333333	0.0639009790584293
20.6666666666667	29.3333333333333	0.0586330277127516
21.3333333333333	29.3333333333333	0.0540805984056183
22.0000000000000	29.3333333333333	0.0501250505153470
22.6666666666667	29.3333333333333	0.0464908095007388
23.3333333333333	29.3333333333333	0.0429399727657938
24	29.3333333333333	0.0393774146586896
24.6666666666667	29.3333333333333	0.0358282190835704
25.3333333333333	29.3333333333333	0.0323419121774862
26	29.3333333333333	0.0289198181327865
26.6666666666667	29.3333333333333	0.0255207733293279
27.3333333333333	29.3333333333333	0.0221108389632274
28	29.3333333333333	0.0186957762093147
28.6666666666667	29.3333333333333	0.0153144596191837
29.3333333333333	29.3333333333333	0.0120096233201252
30	29.3333333333333	0.00880791430280148
30.6666666666667	29.3333333333333	0.00572723996769220
31.3333333333333	29.3333333333333	0.00278777437540967
32	29.3333333333333	4.28543245689639e-06
32.6666666666667	29.3333333333333	0.00263523421328493
33.3333333333333	29.3333333333333	0.00518454025681869

6.66666666666667	30	0.107045813048254
7.33333333333333	30	0.105035831514181
8	30	0.104848902593786
8.66666666666667	30	0.105215534221498
9.33333333333333	30	0.105372641069650
10	30	0.105235032974147
10.6666666666667	30	0.105096874331740
11.3333333333333	30	0.105194919513798
12	30	0.105462790027935
12.6666666666667	30	0.105590371823066
13.3333333333333	30	0.105254162127792
14	30	0.104268732818563
14.6666666666667	30	0.102573799244936
15.3333333333333	30	0.100168712594967
16	30	0.0970777246419958
16.6666666666667	30	0.0933331756012534
17.3333333333333	30	0.0889657841214939
18	30	0.0840278815111004
18.6666666666667	30	0.0786532665688124
19.3333333333333	30	0.0731025238951579
20.0000000000000	30	0.0677280143119194
20.6666666666667	30	0.0628404432156868
21.3333333333333	30	0.0585531990800039
22.0000000000000	30	0.0547378709372115
22.6666666666667	30	0.0511372272779367
23.3333333333333	30	0.0475346799374616
24	30	0.0438524027842862
24.6666666666667	30	0.0401332156880052
25.3333333333333	30	0.0364504070967513
26	30	0.0328332180416737
26.6666666666667	30	0.0292618262676516
27.3333333333333	30	0.0257084329670541
28	30	0.0221710839151488
28.6666666666667	30	0.0186753779225484
29.3333333333333	30	0.0152543474876587
30	30	0.0119320544244363
30.6666666666667	30	0.00872791710218124
31.3333333333333	30	0.00566647148614763
32	30	0.00276919055376723
32.6666666666667	30	3.18066788587146e-05
33.3333333333333	30	0.00259387952217871

6.66666666666667	30.6666666666667	0.107488894383060
7.33333333333333	30.6666666666667	0.107108489653188
8	30.6666666666667	0.107938015218659
8.66666666666667	30.6666666666667	0.108606475390272
9.33333333333333	30.6666666666667	0.108535097169985
10	30.6666666666667	0.107992874274778
10.6666666666667	30.6666666666667	0.107638850955071
11.3333333333333	30.6666666666667	0.107935955223696
12	30.6666666666667	0.108819965097025
12.6666666666667	30.6666666666667	0.109771076311420
13.3333333333333	30.6666666666667	0.110148742421675
14	30.6666666666667	0.109501815603967
14.6666666666667	30.6666666666667	0.107684024283833
15.3333333333333	30.6666666666667	0.104808655441696
16	30.6666666666667	0.101132802114541
16.6666666666667	30.6666666666667	0.0969237163917565
17.3333333333333	30.6666666666667	0.0923583487054192
18	30.6666666666667	0.0875155605594280
18.6666666666667	30.6666666666667	0.0824608719673394
19.3333333333333	30.6666666666667	0.0773393974605421
20.0000000000000	30.6666666666667	0.0723819939990866
20.6666666666667	30.6666666666667	0.0678030364139568
21.3333333333333	30.6666666666667	0.0636687282951467
22.0000000000000	30.6666666666667	0.0598570183749647
22.6666666666667	30.6666666666667	0.0561504479070667
23.3333333333333	30.6666666666667	0.0523791571896810
24	30.6666666666667	0.0485018273832090
24.6666666666667	30.6666666666667	0.0445824062109894
25.3333333333333	30.6666666666667	0.0407049592378730
26	30.6666666666667	0.0369059874042446
26.6666666666667	30.6666666666667	0.0331698622283536
27.3333333333333	30.6666666666667	0.0294674897666170
28	30.6666666666667	0.0257912948286752
28.6666666666667	30.6666666666667	0.0221613165466685
29.3333333333333	30.6666666666667	0.0186088262472346
30	30.6666666666667	0.0151596443524813
30.6666666666667	30.6666666666667	0.0118335230349018
31.3333333333333	30.6666666666667	0.00865385052385648
32	30.6666666666667	0.00564373531534734
32.6666666666667	30.6666666666667	0.00280573842022669
33.3333333333333	30.6666666666667	0.000101756206653647

6.66666666666667	31.3333333333333	0.110003093442630
7.33333333333333	31.3333333333333	0.110740543492771
8	31.3333333333333	0.112018836089257
8.66666666666667	31.3333333333333	0.112639652463626
9.33333333333333	31.3333333333333	0.112364502318060
10	31.3333333333333	0.111785374237208
10.6666666666667	31.3333333333333	0.111711014873991
11.3333333333333	31.3333333333333	0.112541452707422
12	31.3333333333333	0.114020478368963
12.6666666666667	31.3333333333333	0.115426461950714
13.3333333333333	31.3333333333333	0.115979323282507
14	31.3333333333333	0.115178710530231
14.6666666666667	31.3333333333333	0.112932581137612
15.3333333333333	31.3333333333333	0.109500688308334
16	31.3333333333333	0.105328498374785
16.6666666666667	31.3333333333333	0.100838199310154
17.3333333333333	31.3333333333333	0.0962678063446951
18	31.3333333333333	0.0916564410885012
18.6666666666667	31.3333333333333	0.0869705490740449
19.3333333333333	31.3333333333333	0.0822445057005776
20.0000000000000	31.3333333333333	0.0776151414630331
20.6666666666667	31.3333333333333	0.0732336587561893
21.3333333333333	31.3333333333333	0.0691425344887104
22.0000000000000	31.3333333333333	0.0652367955558111
22.6666666666667	31.3333333333333	0.0613458970775644
23.3333333333333	31.3333333333333	0.0573549784602596
24	31.3333333333333	0.0532639542377344
24.6666666666667	31.3333333333333	0.0491542687731492
25.3333333333333	31.3333333333333	0.0451082877985503
26	31.3333333333333	0.0411528341595080
26.6666666666667	31.3333333333333	0.0372634734589070
27.3333333333333	31.3333333333333	0.0334068961969276
28	31.3333333333333	0.0295763876001125
28.6666666666667	31.3333333333333	0.0257964470745993
29.3333333333333	31.3333333333333	0.0221030674832061
30	31.3333333333333	0.0185236549825412
30.6666666666667	31.3333333333333	0.0150742092368539
31.3333333333333	31.3333333333333	0.0117713184019035
32	31.3333333333333	0.00863643609836373
32.6666666666667	31.3333333333333	0.00568043927918538
33.3333333333333	31.3333333333333	0.00288176251803662

6.66666666666667	32	0.113945892422474
7.33333333333333	32	0.115287415064430
8	32	0.116754854110887
8.66666666666667	32	0.117453226400602
9.33333333333333	32	0.117424303069185
10	32	0.117365502420016
10.6666666666667	32	0.117960465431112
11.3333333333333	32	0.119359350616361
12	32	0.121108688246952
12.6666666666667	32	0.122436085861957
13.3333333333333	32	0.122626427233882
14	32	0.121288846814954
14.6666666666667	32	0.118448288938443
15.3333333333333	32	0.114482623457548
16	32	0.109945712586035
16.6666666666667	32	0.105327473913973
17.3333333333333	32	0.100861503109208
18	32	0.0965141750323815
18.6666666666667	32	0.0921501221954282
19.3333333333333	32	0.0877114463724391
20.0000000000000	32	0.0832715753238285
20.6666666666667	32	0.0789522675028671
21.3333333333333	32	0.0747978020673585
22.0000000000000	32	0.0707309788864734
22.6666666666667	32	0.0666264734438027
23.3333333333333	32	0.0624157094970830
24	32	0.0581289138172618
24.6666666666667	32	0.0538553887545881
25.3333333333333	32	0.0496673648912172
26	32	0.0455741156904406
26.6666666666667	32	0.0415379980205088
27.3333333333333	32	0.0375234589996971
28	32	0.0335313942822797
28.6666666666667	32	0.0295972432952816
29.3333333333333	32	0.0257633719477877
30	32	0.0220551120695784
30.6666666666667	32	0.0184802743794723
31.3333333333333	32	0.0150449691522603
32	32	0.0117663918804709
32.6666666666667	32	0.00866413621583462
33.3333333333333	32	0.00573806082254258

6.66666666666667	32.6666666666667	0.118391024223475
7.33333333333333	32.6666666666667	0.120022848808149
8	32.6666666666667	0.121796672935028
8.66666666666667	32.6666666666667	0.123074609378152
9.33333333333333	32.6666666666667	0.123938333247220
10	32.6666666666667	0.124885687647615
10.6666666666667	32.6666666666667	0.126276846655127
11.3333333333333	32.6666666666667	0.128011068545414
12	32.6666666666667	0.129587153206604
12.6666666666667	32.6666666666667	0.130369212716519
13.3333333333333	32.6666666666667	0.129849743439266
14	32.6666666666667	0.127815362876493
14.6666666666667	32.6666666666667	0.124400562257376
15.3333333333333	32.6666666666667	0.120035180703453
16	32.6666666666667	0.115290008464806
16.6666666666667	32.6666666666667	0.110646385890196
17.3333333333333	32.6666666666667	0.106299168607102
18	32.6666666666667	0.102148077407579
18.6666666666667	32.6666666666667	0.0979817435566792
19.3333333333333	32.6666666666667	0.0936779851558001
20.0000000000000	32.6666666666667	0.0892720165226786
20.6666666666667	32.6666666666667	0.0848795478042117
21.3333333333333	32.6666666666667	0.0805663640246248
22.0000000000000	32.6666666666667	0.0762923509799567
22.6666666666667	32.6666666666667	0.0719713427399196
23.3333333333333	32.6666666666667	0.0675633419313293
24	32.6666666666667	0.0631095696987369
24.6666666666667	32.6666666666667	0.0586941854315501
25.3333333333333	32.6666666666667	0.0543745731272853
26	32.6666666666667	0.0501442259109250
26.6666666666667	32.6666666666667	0.0459577026318794
27.3333333333333	32.6666666666667	0.0417831598747664
28	32.6666666666667	0.0376326472341084
28.6666666666667	32.6666666666667	0.0335522099901358
29.3333333333333	32.6666666666667	0.0295873262997333
30	32.6666666666667	0.0257573578229486
30.6666666666667	32.6666666666667	0.0220595529132535
31.3333333333333	32.6666666666667	0.0184886258660963
32	32.6666666666667	0.0150540124438034
32.6666666666667	32.6666666666667	0.0117795158471221
33.3333333333333	32.6666666666667	0.00868483211786675

6.66666666666667	33.3333333333333	0.122797261031833
7.33333333333333	33.3333333333333	0.124718023302029
8	33.3333333333333	0.127182109296320
8.66666666666667	33.3333333333333	0.129620595304790
9.33333333333333	33.3333333333333	0.131866302421481
10	33.3333333333333	0.133994903952319
10.6666666666667	33.3333333333333	0.136015737478439
11.3333333333333	33.3333333333333	0.137718167231803
12	33.3333333333333	0.138736807036354
12.6666666666667	33.3333333333333	0.138702115733915
13.3333333333333	33.3333333333333	0.137367577214904
14	33.3333333333333	0.134689654997121
14.6666666666667	33.3333333333333	0.130862678706370
15.3333333333333	33.3333333333333	0.126293871386603
16	33.3333333333333	0.121492654156325
16.6666666666667	33.3333333333333	0.116876823283274
17.3333333333333	33.3333333333333	0.112592944073006
18	33.3333333333333	0.108505594825312
18.6666666666667	33.3333333333333	0.104371985817308
19.3333333333333	33.3333333333333	0.100040608315982
20.0000000000000	33.3333333333333	0.0955285711734142
20.6666666666667	33.3333333333333	0.0909556433291465
21.3333333333333	33.3333333333333	0.0864153969676380
22.0000000000000	33.3333333333333	0.0819068423313674
22.6666666666667	33.3333333333333	0.0773754457581077
23.3333333333333	33.3333333333333	0.0727931901128240
24	33.3333333333333	0.0681938156992068
24.6666666666667	33.3333333333333	0.0636436417781461
25.3333333333333	33.3333333333333	0.0591834868978047
26	33.3333333333333	0.0547998770679961
26.6666666666667	33.3333333333333	0.0504514971891865
27.3333333333333	33.3333333333333	0.0461170275834739
28	33.3333333333333	0.0418185170761269
28.6666666666667	33.3333333333333	0.0376064987531137
29.3333333333333	33.3333333333333	0.0335242942787044
30	33.3333333333333	0.0295844008070443
30.6666666666667	33.3333333333333	0.0257751037496821
31.3333333333333	33.3333333333333	0.0220810359170613
32	33.3333333333333	0.0184990662903193
32.6666666666667	33.3333333333333	0.0150463830776690
33.3333333333333	33.3333333333333	0.0117523089167726
